50,
50,
50,
51,
52,
53,
55,
57,
59,
62,
64,
68,
71,
74,
78,
83,
87,
92,
97,
102,
107,
113,
119,
125,
131,
138,
144,
151,
158,
166,
173,
181,
189,
197,
205,
213,
222,
230,
239,
247,
256,
265,
274,
283,
292,
301,
311,
320,
329,
338,
347,
357,
366,
375,
384,
393,
402,
411,
420,
429,
437,
446,
454,
463,
471,
479,
487,
495,
502,
510,
517,
524,
531,
537,
544,
550,
556,
562,
567,
573,
578,
582,
587,
591,
595,
599,
602,
606,
609,
611,
614,
619,
619,
619,
619,
619,
619,
619,
619,
619,
619,
619,
619,
619,
619,
614,
611,
609,
606,
602,
599,
595,
591,
587,
582,
578,
573,
567,
562,
556,
550,
544,
537,
531,
524,
517,
510,
502,
495,
487,
479,
471,
463,
454,
446,
437,
429,
420,
411,
402,
393,
384,
375,
366,
357,
347,
338,
329,
320,
311,
301,
292,
283,
274,
265,
256,
247,
239,
230,
222,
213,
205,
197,
189,
181,
173,
166,
158,
151,
144,
138,
131,
125,
119,
113,
107,
102,
97,
92,
87,
83,
78,
74,
71,
68,
64,
62,
59,
57,
55,
53,
52,
51,
50,
50,
50
